3
27
7777
64

10
5
2 1 0 1
3 5 3 7 9
6
4 1 0 0
1 2 3 4 5 6
5
1 1 1 1
9 9 9 9 9
6
1 4 0 0
1 2 3 4 5 6
4
0 2 1 0
1 9 8 6
6
2 1 1 1
7 4 4 1 9 3
7
1 4 1 0
2 1 6 7 6 5 8
8
1 1 3 2
9 2 5 3 4 9 5 6
10
1 1 5 2
8 5 6 8 9 2 6 4 3 2
12
2 1 6 2
2 3 7 9 4 5 1 9 2 5 6 4



10
10 40 100 300
0 0 2 9 1 5 0 0 0 0 0 0
10 100 50 300
0 0 0 0 0 0 0 0 6 2 7 8
10 70 180 400
6 9 7 7 7 5 5 0 0 0 0 0
10 70 200 550
0 0 0 0 8 9 6 9 6 9 8 6
10 80 200 550
0 8 9 15 1 13 2 4 9 0 0 0
10 130 360 1200
0 0 0 15 14 11 15 13 12 15 10 15
10 180 520 1900
0 18 16 16 19 19 18 18 15 16 17 16
10 100 200 1060
12 9 11 13 11 8 6 12 8 7 15 6
10 170 500 1980
19 18 18 17 15 19 19 16 19 15 17 18
10 200 580 2320
12 28 24 24 29 25 23 26 26 28 27 22